2,6
2,5
2,2
1,2
0,504
0,503
0,502
0,494
0,490
0,487
0,485
0,484
0,483
0,482
0,481
0,479
0,477
0,475
0,474
0,473
0,471
0,468
0,467
0,466
0,465
0,464
0,463
0,457
0,456
0,452
0,449
0,448
0,437
0,431
0,429
0,425
0,424
0,423
0,419
0,413
0,410
0,408
0,404
0,402
0,399
0,394
0,386
0,384
0,383
0,382
0,381
0,380
0,379
0,378
0,377
0,375
0,374
0,373
0,322
0,318
0,317
0,316
0,315
0,314
0,313
0,312
0,309
0,301
0,243
74,1
74,3
0,458
74,0
41,1
41,3
0,455
41,0
115,1
115,3
115,0
1,5
116,1
116,3
0,445
0,470
116,0
2,8
2,29
1,1
1,4
1,3
1,0
2,4
2,66
2,1
2,22
2,3
2,0
0,9
0,310
0,305
0,476
0,459
0,451
0,418
0,417
0,308
0,304
0,303
0,302
0,307
0,444
0,12
0,454
0,10
0,450
0,8
0,0
0,439
0,300
0,440
0,299
0,343
0,298
0,405
0,297
0,435
0,296
0,362
0,295
0,433
0,294
0,438
0,293
0,342
0,292
0,321
0,291
0,371
0,290
0,498
0,289
0,427
0,288
0,400
0,287
0,340
0,286
0,393
0,285
0,366
0,284
0,492
0,283
0,403
0,282
0,507
0,281
0,356
0,280
0,331
0,279
0,508
0,278
0,501
0,277
0,415
0,276
0,472
0,275
0,357
0,274
0,497
2,7
2,9
2,11
2,12
2,14
2,15
2,17
2,19
2,20
2,23
2,24
2,26
2,28
2,30
2,32
2,33
2,35
2,64
2,67
3,1
3,2
3,4
3,5
4,0
4,2
4,3
5,1
5,2
5,4
6,0
6,2
6,4
6,5
6,7
6,8
7,0
7,2
7,3
8,0
8,1
8,3
9,0
9,2
10,0
10,1
10,3
11,0
11,2
11,4
12,0
12,2
12,3
12,5
13,0
13,1
13,3
14,0
14,2
14,3
15,1
15,3
15,4
15,6
15,7
15,9
15,11
15,12
16,0
16,1
16,3
16,4
16,6
16,8
16,9
17,1
17,2
18,0
18,2
18,3
19,1
19,2
20,0
20,1
20,3
21,1
21,2
21,4
21,5
22,1
22,3
23,0
23,2
23,3
24,1
24,3
25,0
25,2
25,3
26,0
26,1
26,3
27,1
27,2
27,4
27,5
28,1
28,3
28,4
28,6
28,7
28,9
29,0
29,2
29,4
29,5
30,1
30,2
30,4
31,1
31,2
31,4
31,5
32,1
32,2
33,0
33,2
33,3
34,1
34,2
34,4
35,1
35,2
35,4
36,0
36,2
36,3
37,0
37,2
37,3
37,5
37,6
37,8
38,0
38,1
38,3
39,0
39,2
39,4
39,5
40,0
40,1
40,3
41,2
41,5
42,0
42,1
42,3
43,0
43,2
43,4
43,5
43,7
44,0
44,2
44,3
45,1
45,3
46,0
46,2
46,3
46,5
47,1
47,2
48,0
48,1
48,3
49,0
49,2
49,4
49,5
49,7
49,8
50,0
50,2
50,3
50,5
51,0
51,2
51,4
51,5
52,1
52,2
52,4
53,0
53,2
53,4
53,5
53,7
53,8
54,0
54,2
54,3
54,5
55,0
55,2
55,3
56,0
56,2
56,3
57,1
57,2
58,0
58,2
58,3
59,1
59,2
59,4
59,5
59,7
60,1
60,2
60,4
60,5
61,0
61,2
61,3
62,0
62,1
62,3
63,0
63,2
63,4
64,0
64,2
64,3
64,5
65,1
65,2
65,4
66,0
66,2
67,0
67,1
67,3
68,0
68,2
68,3
69,0
69,2
69,3
70,1
70,2
71,0
71,2
71,3
72,0
72,1
72,3
73,0
73,2
74,2
74,4
74,6
75,0
75,2
75,4
75,5
75,7
76,0
76,2
76,3
77,0
77,2
77,3
77,5
77,6
78,1
78,3
78,4
79,0
79,1
79,3
79,5
79,6
80,1
80,2
80,4
81,0
81,2
81,4
82,0
82,2
82,3
83,1
83,3
84,0
84,2
84,3
84,5
84,6
85,0
85,2
85,3
86,1
86,2
86,4
87,1
87,2
87,4
87,5
88,1
88,2
88,4
89,0
89,1
89,3
89,4
89,6
89,8
89,9
89,11
90,0
90,2
90,4
90,5
91,1
91,2
92,0
92,1
92,3
93,1
93,2
93,4
94,0
94,2
95,0
95,1
95,3
96,0
96,2
96,3
97,1
97,3
97,4
97,6
97,7
97,9
97,11
97,12
97,14
97,15
98,0
98,1
98,3
98,5
99,0
99,2
99,3
100,0
100,2
100,3
101,0
101,1
101,3
101,4
101,6
101,8
102,0
102,2
102,3
102,5
103,1
103,2
103,4
103,5
104,0
104,2
104,3
105,1
105,2
106,0
106,1
106,3
106,5
107,0
107,2
107,3
108,1
108,3
109,0
109,2
109,3
110,1
110,2
110,4
111,0
111,1
111,3
112,0
112,2
112,4
113,0
113,2
113,3
114,1
114,2
114,4
115,4
115,5
116,4
117,0
117,2
118,0
118,1
118,3
118,4
119,1
119,3
119,4
119,6
119,7
119,9
120,0
120,2
120,4
120,5
121,0
121,1
121,3
121,5
121,6
121,8
122,0
122,2
122,3
123,0
123,2
123,3
124,0
124,1
124,3
125,0
125,1
125,3
125,4
126,0
126,1
126,3
126,5
127,0
127,2
127,3
128,0
128,2
128,3
128,5
129,0
129,2
129,3
130,1
130,3
131,0
131,2
131,3
132,1
132,3
133,0
133,2
133,3
134,0
134,2
134,3
135,0
135,1
135,3
136,0
136,2
137,0
137,1
137,3
138,0
138,2
139,0
139,1
139,3
140,0
140,2
140,3
140,5
141,0
141,1
141,3
141,4
142,1
142,3
142,4
142,6
142,7
142,9
142,10
142,12
143,0
143,1
143,3
143,4
143,6
144,1
144,2
145,0
145,1
145,3
146,1
146,2
146,4
146,5
147,1
147,2
147,4
148,1
148,2
149,0
149,1
149,3
150,1
150,2
150,4
150,5
151,1
151,2
152,0
152,2
152,3
153,1
153,2
154,0
154,2
154,3
155,1
155,2
156,0
156,1
156,3
157,0
157,1
157,3
157,4
157,6
158,0
158,1
158,3
158,4
159,1
159,2
160,0
160,2
160,3
161,1
161,2
161,4
161,6
162,0
162,2
162,3
163,1
163,3
163,4
164,1
164,2
165,0
165,1
165,3
166,1
166,2
166,4
166,5
167,0
167,2
167,3
168,0
168,1
168,3
168,4
169,1
169,3
169,4
169,6
170,0
170,2
170,4
171,0
171,2
171,3
172,0
172,1
172,3
173,0
173,1
173,3
173,4
174,0
174,2
174,3
175,0
175,1
175,3
176,0
176,1
176,3
176,4
177,1
177,2
177,4
178,1
178,2
178,4
179,0
179,2
179,4
180,0
180,2
180,3
181,0
181,1
181,3
182,0
182,1
182,3
182,4
183,1
183,3
184,0
184,2
184,3
185,1
185,2
185,4
185,6
186,0
186,2
186,3
187,1
187,3
187,4
188,1
188,2
188,4
189,0
189,1
189,3
189,4
190,0
190,1
190,3
190,5
190,6
190,8
191,0
191,2
191,4
191,5
192,0
192,1
192,3
192,4
192,6
193,1
193,2
193,4
193,5
194,0
194,2
194,3
195,1
195,2
196,0
196,1
196,3
196,5
197,0
197,2
197,3
197,5
198,1
198,2
198,4
198,5
199,0
199,1
199,3
200,0
200,1
200,3
201,0
201,2
201,4
202,0
202,2
202,3
203,1
203,3
203,4
204,1
204,2
205,0
205,1
205,3
206,0
206,1
206,3
206,4
207,1
207,3
208,0
208,2
208,3
208,5
209,0
209,2
209,4
209,5
210,0
210,1
210,3
210,5
211,0
211,2
211,3
212,0
212,1
212,3
213,1
213,2
214,0
214,1
214,3
215,0
215,1
215,3
216,0
216,2
216,4
217,0
217,2
217,3
218,0
218,1
218,3
218,5
219,0
219,2
219,3
220,1
220,3
220,4
221,0
221,1
221,3
221,4
222,1
222,3
222,4
223,1
223,2
224,0
224,2
224,3
224,5
225,0
225,2
225,3
226,1
226,3
226,4
227,1
227,2
228,0
228,2
228,3
228,5
229,0
229,2
229,3
230,1
230,3
230,4
231,1
231,2
231,4
232,0
232,1
232,3
233,0
233,2
234,0
234,1
234,3
235,0
235,2
235,3
236,1
236,3
236,4
237,1
237,2
238,0
238,2
238,3
240,0
240,1
240,3
241,0
241,2
242,0
242,1
242,3
243,0
243,2
244,0
244,1
244,3
245,0
245,2
245,3
246,1
246,3
246,4
247,1
247,2
247,4
247,6
248,0
248,2
248,3
249,1
249,3
250,0
250,2
250,3
251,1
251,2
252,0
252,2
252,3
253,1
253,2
254,0
254,2
254,3
255,0
255,1
255,3
255,4
256,1
256,3
256,4
257,1
257,2
258,0
258,2
258,3
259,1
259,2
260,0
260,1
260,3
260,5
260,6
261,1
261,2
261,4
261,6
261,7
262,1
262,2
263,0
263,1
263,3
264,1
264,2
264,4
264,5
264,7
264,9
264,10
264,12
265,0
265,2
266,0
266,1
266,3
267,0
267,2
267,3
268,0
268,2
268,3
269,1
269,2
270,0
270,2
270,3
270,5
270,4
270,1
269,3
269,0
268,1
267,4
267,1
266,2
265,3
265,1
264,11
264,8
264,6
264,3
264,0
263,2
262,3
262,0
261,5
261,3
261,0
260,4
260,2
259,3
259,0
258,1
257,3
257,0
256,2
256,0
255,2
254,4
254,1
253,3
253,0
252,1
251,3
251,0
250,1
249,2
249,0
248,1
247,5
247,3
247,0
246,2
246,0
245,1
244,2
243,3
243,1
242,2
241,3
241,1
240,2
238,4
238,1
237,3
237,0
236,2
236,0
235,1
234,2
233,3
233,1
232,2
231,5
231,3
231,0
230,2
230,0
229,1
228,4
228,1
227,3
227,0
226,2
226,0
225,1
224,4
224,1
223,3
223,0
222,2
222,0
221,2
220,5
220,2
220,0
219,1
218,4
218,2
217,4
217,1
216,3
216,1
215,2
214,4
214,2
213,3
213,0
212,2
211,4
211,1
210,4
210,2
209,6
209,3
209,1
208,4
208,1
207,2
207,0
206,2
205,4
205,2
204,3
204,0
203,2
203,0
202,1
201,3
201,1
200,2
199,4
199,2
198,6
198,3
198,0
197,4
197,1
196,4
196,2
195,3
195,0
194,1
193,6
193,3
193,0
192,5
192,2
191,6
191,3
191,1
190,7
190,4
190,2
189,5
189,2
188,5
188,3
188,0
187,2
187,0
186,1
185,5
185,3
185,0
184,1
183,2
183,0
182,2
181,4
181,2
180,4
180,1
179,3
179,1
178,3
178,0
177,3
177,0
176,2
175,4
175,2
174,4
174,1
173,5
173,2
172,4
172,2
171,4
171,1
170,3
170,1
169,5
169,2
169,0
168,2
167,4
167,1
166,6
166,3
166,0
165,2
164,3
164,0
163,2
163,0
162,1
161,5
161,3
161,0
160,1
159,3
159,0
158,2
157,7
157,5
157,2
156,4
156,2
155,3
155,0
154,1
153,3
153,0
152,1
151,3
151,0
150,3
150,0
149,2
148,3
148,0
147,3
147,0
146,3
146,0
145,2
144,3
144,0
143,5
143,2
142,13
142,11
142,8
142,5
142,2
142,0
141,2
140,6
140,4
140,1
139,2
138,3
138,1
137,2
136,3
136,1
135,2
134,4
134,1
133,4
133,1
132,2
132,0
131,1
130,2
130,0
129,1
128,4
128,1
127,4
127,1
126,4
126,2
125,5
125,2
124,4
124,2
123,4
123,1
122,4
122,1
121,7
121,4
121,2
120,6
120,3
120,1
119,8
119,5
119,2
119,0
118,2
117,3
117,1
116,2
115,2
114,3
114,0
113,1
112,3
112,1
111,2
110,5
110,3
110,0
109,1
108,2
108,0
107,1
106,4
106,2
105,3
105,0
104,1
103,6
103,3
103,0
102,4
102,1
101,7
101,5
101,2
100,4
100,1
99,4
99,1
98,4
98,2
97,16
97,13
97,10
97,8
97,5
97,2
97,0
96,1
95,2
94,3
94,1
93,3
93,0
92,2
91,3
91,0
90,3
90,1
89,10
89,7
89,5
89,2
88,5
88,3
88,0
87,3
87,0
86,3
86,0
85,1
84,7
84,4
84,1
83,2
83,0
82,1
81,3
81,1
80,3
80,0
79,4
79,2
78,5
78,2
78,0
77,4
77,1
76,4
76,1
75,6
75,3
75,1
74,5
73,3
73,1
72,2
71,4
71,1
70,3
70,0
69,1
68,4
68,1
67,2
66,3
66,1
65,3
65,0
64,4
64,1
63,3
63,1
62,2
61,4
61,1
60,6
60,3
60,0
59,6
59,3
59,0
58,1
57,3
57,0
56,1
55,4
55,1
54,4
54,1
53,9
53,6
53,3
53,1
52,3
52,0
51,3
51,1
50,4
50,1
49,9
49,6
49,3
49,1
48,2
47,3
47,0
46,4
46,1
45,2
45,0
44,1
43,6
43,3
43,1
42,2
41,6
41,4
40,2
39,6
39,3
39,1
38,2
37,9
37,7
37,4
37,1
36,4
36,1
35,3
35,0
34,3
34,0
33,1
32,3
32,0
31,3
31,0
30,3
30,0
29,3
29,1
28,8
28,5
28,2
28,0
27,3
27,0
26,2
25,4
25,1
24,2
24,0
23,1
22,2
22,0
21,3
21,0
20,2
19,3
19,0
18,1
17,3
17,0
16,7
16,5
16,2
15,13
15,10
15,8
15,5
15,2
15,0
14,1
13,2
12,6
12,4
12,1
11,3
11,1
10,2
9,3
9,1
8,2
7,4
7,1
6,9
6,6
6,3
6,1
5,3
5,0
4,1
3,6
3,3
3,0
2,65
2,34
2,31
2,27
2,25
2,21
2,18
2,16
2,13
2,10
0,273
0,347
0,272
0,491
0,271
0,346
0,270
0,500
0,269
0,406
0,268
0,488
0,267
0,355
0,266
0,414
0,265
0,330
0,264
0,263
0,390
0,262
0,495
0,261
0,401
0,260
0,353
0,259
0,436
0,258
0,335
0,257
0,392
0,256
0,398
0,255
0,434
0,254
0,389
0,253
0,388
0,252
0,391
0,251
0,351
0,250
0,416
0,249
0,370
0,248
0,486
0,247
0,446
0,246
0,510
0,245
0,397
0,244
0,349
0,242
0,432
0,241
0,354
0,240
0,376
0,239
0,341
0,238
0,396
0,237
0,506
0,236
0,372
0,235
0,350
0,234
0,326
0,233
0,422
0,232
0,430
0,231
0,387
0,230
0,325
0,229
0,428
0,228
0,364
0,227
0,332
0,226
0,348
0,225
0,412
0,224
0,360
0,223
0,478
0,222
0,361
0,221
0,365
0,220
0,323
0,219
0,345
0,218
0,359
0,217
0,411
0,216
0,352
0,215
0,489
0,214
0,363
0,213
0,496
0,212
0,334
0,211
0,505
0,210
0,509
0,209
0,511
0,208
0,339
0,207
0,443
0,206
0,442
0,205
0,368
0,204
0,358
0,203
0,320
0,202
0,338
0,201
0,447
0,200
0,337
0,199
0,327
0,198
0,462
0,197
0,421
0,196
0,344
0,195
0,426
0,194
0,420
0,193
0,329
0,192
0,385
0,63
0,461
0,62
0,328
0,61
0,480
0,60
0,324
0,59
0,469
0,58
0,409
0,57
0,395
0,56
0,319
0,55
0,333
0,54
0,336
0,53
0,499
0,52
0,369
0,51
0,460
0,50
0,367
0,49
0,441
0,48
0,311
0,47
0,493
0,46
0,306
0,45
0,407
0,6
0,5
0,1
0,453
0,11
0,4
0,2
0,3
0,7
