0,494
0,490
0,488
0,487
0,485
0,484
0,483
0,482
0,481
0,479
0,478
0,477
0,475
0,474
0,471
0,470
0,468
0,467
0,466
0,465
0,464
0,463
0,462
0,457
0,456
0,452
0,449
0,448
0,437
0,433
0,431
0,429
0,426
0,425
0,423
0,419
0,415
0,414
0,413
0,410
0,408
0,406
0,404
0,402
0,399
0,394
0,388
0,386
0,384
0,322
0,319
0,318
0,317
0,316
0,315
0,314
0,313
0,312
0,311
0,243
261,1
261,5
261,7
261,3
261,0
93,1
93,3
93,0
92,1
92,3
92,0
77,1
77,3
77,0
2,13
95,1
95,3
0,445
0,458
95,0
37,1
0,424
37,9
37,3
0,455
37,0
1,5
1,1
0,473
0,502
1,4
1,3
1,0
2,17
2,1
2,66
2,3
2,0
0,9
0,310
0,305
0,476
0,459
0,451
0,418
0,417
0,308
0,304
0,303
0,302
0,307
0,444
0,12
0,454
0,10
0,450
0,8
0,0
0,439
0,300
0,440
0,299
0,343
0,298
0,405
0,297
0,435
0,296
0,362
0,295
0,375
0,294
0,438
0,293
0,342
0,292
0,321
0,291
0,371
0,290
0,498
0,289
0,427
0,288
0,400
0,287
0,340
0,286
0,393
0,285
0,366
0,284
0,492
0,283
0,403
0,282
0,507
0,281
0,356
0,280
0,331
0,279
0,508
0,278
0,501
0,277
0,382
0,276
0,472
0,275
0,357
0,274
0,497
0,495
0,503
1,2
2,2
2,5
2,6
2,8
2,10
2,11
2,14
2,15
2,18
2,20
2,21
2,23
2,24
2,26
2,27
2,29
2,31
2,32
2,34
2,35
2,65
2,68
3,0
3,2
3,3
3,5
3,6
4,1
4,3
5,0
5,2
5,3
6,0
6,2
6,3
6,5
6,6
6,8
6,9
7,1
7,3
7,4
8,1
8,2
9,0
9,2
9,3
10,1
10,2
11,0
11,2
11,3
12,0
12,1
12,3
12,4
12,6
13,1
13,2
14,0
14,1
14,3
15,1
15,2
15,4
15,5
15,7
15,8
15,10
15,12
15,13
16,1
16,2
16,4
16,6
16,7
16,9
17,0
17,2
17,3
18,1
18,3
19,0
19,2
19,3
20,1
20,3
21,0
21,2
21,3
21,5
22,1
22,2
23,0
23,1
23,3
24,0
24,2
25,0
25,1
25,3
25,4
26,1
26,3
27,0
27,2
27,3
27,5
28,0
28,2
28,4
28,5
28,7
28,8
29,0
29,2
29,3
29,5
30,0
30,2
30,3
31,0
31,2
31,3
31,5
32,0
32,2
33,0
33,1
33,3
34,0
34,2
34,3
35,0
35,2
35,3
36,0
36,1
36,3
37,2
37,4
37,6
37,7
38,0
38,2
38,3
39,1
39,2
39,4
39,5
40,0
40,2
40,3
41,1
41,2
41,4
41,6
42,0
42,2
42,3
43,1
43,2
43,4
43,6
43,7
44,1
44,2
45,0
45,2
45,3
46,1
46,2
46,4
46,5
47,1
47,3
48,0
48,2
48,3
49,1
49,3
49,4
49,6
49,7
49,9
50,1
50,2
50,4
50,5
51,1
51,2
51,4
52,0
52,1
52,3
52,4
53,1
53,3
53,4
53,6
53,7
53,9
54,0
54,2
54,4
54,5
55,1
55,2
55,4
56,1
56,2
57,0
57,1
57,3
58,0
58,2
59,0
59,1
59,3
59,4
59,6
60,0
60,1
60,3
60,4
60,6
61,0
61,2
61,4
62,0
62,2
62,3
63,1
63,3
63,4
64,1
64,2
64,4
65,0
65,1
65,3
65,4
66,1
66,2
67,0
67,2
67,3
68,1
68,2
68,4
69,1
69,2
70,0
70,1
70,3
71,0
71,2
71,4
72,0
72,2
72,3
73,1
73,3
74,0
74,2
74,3
74,5
74,6
75,1
75,3
75,4
75,6
75,7
76,1
76,3
76,4
77,4
77,5
78,0
78,2
78,3
78,5
79,0
79,2
79,3
79,5
80,0
80,1
80,3
80,4
81,1
81,3
81,4
82,1
82,2
83,0
83,1
83,3
84,1
84,2
84,4
84,5
84,7
85,1
85,2
86,0
86,1
86,3
86,4
87,1
87,3
87,4
88,0
88,1
88,3
88,5
89,0
89,2
89,3
89,5
89,7
89,8
89,10
89,11
90,1
90,2
90,4
91,0
91,1
91,3
92,2
93,4
94,1
94,2
95,2
96,0
96,2
96,3
97,1
97,3
97,4
97,6
97,7
97,9
97,11
97,12
97,14
97,15
98,0
98,1
98,3
98,5
99,0
99,2
99,3
100,0
100,2
100,3
101,0
101,1
101,3
101,4
101,6
101,8
102,0
102,2
102,3
102,5
103,1
103,2
103,4
103,5
104,0
104,2
104,3
105,1
105,2
106,0
106,1
106,3
106,5
107,0
107,2
107,3
108,1
108,3
109,0
109,2
109,3
110,1
110,2
110,4
111,0
111,1
111,3
112,0
112,2
112,4
113,0
113,2
113,3
114,1
114,2
114,4
115,1
115,2
115,4
115,5
116,1
116,3
116,4
117,1
117,2
118,0
118,2
118,3
119,0
119,1
119,3
119,4
119,6
119,8
119,9
120,1
120,2
120,4
120,6
121,0
121,2
121,3
121,5
121,6
121,8
122,1
122,2
122,4
123,0
123,2
123,4
124,0
124,2
124,3
125,0
125,1
125,3
125,5
126,0
126,2
126,3
126,5
127,1
127,2
127,4
128,0
128,2
128,3
128,5
129,1
129,2
130,0
130,1
130,3
131,1
131,2
132,0
132,1
132,3
133,1
133,2
133,4
134,0
134,2
134,3
135,0
135,2
135,3
136,1
136,2
137,0
137,2
137,3
138,1
138,2
139,0
139,1
139,3
140,1
140,2
140,4
140,5
141,0
141,2
141,3
142,0
142,1
142,3
142,4
142,6
142,8
142,9
142,11
142,12
143,0
143,2
143,3
143,5
143,6
144,1
144,3
145,0
145,2
145,3
146,1
146,2
146,4
147,0
147,1
147,3
147,4
148,1
148,3
149,0
149,2
149,3
150,1
150,2
150,4
151,0
151,1
151,3
152,0
152,2
153,0
153,1
153,3
154,0
154,2
154,3
155,1
155,3
156,0
156,2
156,3
157,0
157,2
157,3
157,5
157,6
158,0
158,1
158,3
159,0
159,1
159,3
160,0
160,2
161,0
161,1
161,3
161,4
161,6
162,1
162,2
163,0
163,1
163,3
163,4
164,1
164,3
165,0
165,2
165,3
166,1
166,3
166,4
166,6
167,0
167,2
167,3
168,0
168,2
168,3
169,0
169,1
169,3
169,5
169,6
170,1
170,2
170,4
171,0
171,2
171,4
172,0
172,2
172,3
173,0
173,2
173,3
173,5
174,0
174,2
174,4
175,0
175,2
175,3
176,0
176,1
176,3
177,0
177,1
177,3
177,4
178,1
178,3
178,4
179,1
179,2
179,4
180,0
180,2
180,4
181,0
181,2
181,3
182,0
182,2
182,3
183,0
183,1
183,3
184,0
184,2
185,0
185,1
185,3
185,4
185,6
186,1
186,2
187,0
187,1
187,3
188,0
188,1
188,3
188,4
189,0
189,1
189,3
189,5
190,0
190,2
190,3
190,5
190,7
190,8
191,1
191,2
191,4
191,5
192,0
192,2
192,3
192,5
192,6
193,1
193,3
193,4
193,6
194,0
194,2
194,3
195,1
195,3
196,0
196,2
196,3
196,5
197,1
197,2
197,4
197,5
198,1
198,2
198,4
198,6
199,0
199,2
199,3
200,0
200,2
200,3
201,1
201,2
201,4
202,1
202,2
203,0
203,1
203,3
203,4
204,1
204,3
205,0
205,2
205,3
206,0
206,2
206,3
207,0
207,1
207,3
208,0
208,2
208,4
208,5
209,1
209,2
209,4
209,6
210,0
210,2
210,3
210,5
211,0
211,2
211,4
212,0
212,2
212,3
213,1
213,3
214,0
214,2
214,3
215,0
215,2
215,3
216,1
216,2
216,4
217,0
217,2
217,4
218,0
218,2
218,3
218,5
219,1
219,2
220,0
220,1
220,3
220,4
221,0
221,2
221,3
222,0
222,1
222,3
223,0
223,1
223,3
224,0
224,2
224,3
224,5
225,1
225,2
226,0
226,1
226,3
227,0
227,1
227,3
228,0
228,2
228,3
228,5
229,1
229,2
230,0
230,1
230,3
231,0
231,1
231,3
231,4
232,0
232,2
232,3
233,1
233,2
234,0
234,1
234,3
235,1
235,2
236,0
236,1
236,3
237,0
237,1
237,3
238,0
238,2
238,3
240,0
240,2
240,3
241,1
241,2
242,0
242,2
242,3
243,1
243,2
244,0
244,1
244,3
245,1
245,2
246,0
246,1
246,3
247,0
247,1
247,3
247,4
247,6
248,1
248,2
249,0
249,1
249,3
250,0
250,2
251,0
251,1
251,3
252,0
252,2
253,0
253,1
253,3
254,0
254,2
254,3
255,0
255,2
255,3
256,0
256,1
256,3
257,0
257,1
257,3
258,0
258,2
258,3
259,1
259,3
260,0
260,2
260,3
260,5
261,2
261,4
262,0
262,1
262,3
263,0
263,2
264,0
264,1
264,3
264,4
264,6
264,8
264,9
264,11
264,12
265,1
265,3
266,0
266,2
266,3
267,1
267,2
267,4
268,1
268,2
269,0
269,1
269,3
271,1
271,2
271,4
271,5
271,3
271,0
269,2
268,3
268,0
267,3
267,0
266,1
265,2
265,0
264,10
264,7
264,5
264,2
263,3
263,1
262,2
261,6
260,6
260,4
260,1
259,2
259,0
258,1
257,2
256,4
256,2
255,4
255,1
254,4
254,1
253,2
252,3
252,1
251,2
250,3
250,1
249,2
248,3
248,0
247,5
247,2
246,4
246,2
245,3
245,0
244,2
243,3
243,0
242,1
241,3
241,0
240,1
238,4
238,1
237,2
236,4
236,2
235,3
235,0
234,2
233,3
233,0
232,1
231,5
231,2
230,4
230,2
229,3
229,0
228,4
228,1
227,2
226,4
226,2
225,3
225,0
224,4
224,1
223,2
222,4
222,2
221,4
221,1
220,5
220,2
219,3
219,0
218,4
218,1
217,3
217,1
216,3
216,0
215,1
214,4
214,1
213,2
213,0
212,1
211,3
211,1
210,4
210,1
209,5
209,3
209,0
208,3
208,1
207,2
206,4
206,1
205,4
205,1
204,2
204,0
203,2
202,3
202,0
201,3
201,0
200,1
199,4
199,1
198,5
198,3
198,0
197,3
197,0
196,4
196,1
195,2
195,0
194,1
193,5
193,2
193,0
192,4
192,1
191,6
191,3
191,0
190,6
190,4
190,1
189,4
189,2
188,5
188,2
187,4
187,2
186,3
186,0
185,5
185,2
184,3
184,1
183,2
182,4
182,1
181,4
181,1
180,3
180,1
179,3
179,0
178,2
178,0
177,2
176,4
176,2
175,4
175,1
174,3
174,1
173,4
173,1
172,4
172,1
171,3
171,1
170,3
170,0
169,4
169,2
168,4
168,1
167,4
167,1
166,5
166,2
166,0
165,1
164,2
164,0
163,2
162,3
162,0
161,5
161,2
160,3
160,1
159,2
158,4
158,2
157,7
157,4
157,1
156,4
156,1
155,2
155,0
154,1
153,2
152,3
152,1
151,2
150,5
150,3
150,0
149,1
148,2
148,0
147,2
146,5
146,3
146,0
145,1
144,2
144,0
143,4
143,1
142,13
142,10
142,7
142,5
142,2
141,4
141,1
140,6
140,3
140,0
139,2
138,3
138,0
137,1
136,3
136,0
135,1
134,4
134,1
133,3
133,0
132,2
131,3
131,0
130,2
129,3
129,0
128,4
128,1
127,3
127,0
126,4
126,1
125,4
125,2
124,4
124,1
123,3
123,1
122,3
122,0
121,7
121,4
121,1
120,5
120,3
120,0
119,7
119,5
119,2
118,4
118,1
117,3
117,0
116,2
116,0
115,3
115,0
114,3
114,0
113,1
112,3
112,1
111,2
110,5
110,3
110,0
109,1
108,2
108,0
107,1
106,4
106,2
105,3
105,0
104,1
103,6
103,3
103,0
102,4
102,1
101,7
101,5
101,2
100,4
100,1
99,4
99,1
98,4
98,2
97,16
97,13
97,10
97,8
97,5
97,2
97,0
96,1
94,3
94,0
93,2
91,2
90,5
90,3
90,0
89,9
89,6
89,4
89,1
88,4
88,2
87,5
87,2
87,0
86,2
85,3
85,0
84,6
84,3
84,0
83,2
82,3
82,0
81,2
81,0
80,2
79,6
79,4
79,1
78,4
78,1
77,6
77,2
76,2
76,0
75,5
75,2
75,0
74,4
74,1
73,2
73,0
72,1
71,3
71,1
70,2
69,3
69,0
68,3
68,0
67,1
66,3
66,0
65,2
64,5
64,3
64,0
63,2
63,0
62,1
61,3
61,1
60,5
60,2
59,7
59,5
59,2
58,3
58,1
57,2
56,3
56,0
55,3
55,0
54,3
54,1
53,8
53,5
53,2
53,0
52,2
51,5
51,3
51,0
50,3
50,0
49,8
49,5
49,2
49,0
48,1
47,2
47,0
46,3
46,0
45,1
44,3
44,0
43,5
43,3
43,0
42,1
41,5
41,3
41,0
40,1
39,6
39,3
39,0
38,1
37,8
37,5
36,4
36,2
35,4
35,1
34,4
34,1
33,2
32,3
32,1
31,4
31,1
30,4
30,1
29,4
29,1
28,9
28,6
28,3
28,1
27,4
27,1
26,2
26,0
25,2
24,3
24,1
23,2
22,3
22,0
21,4
21,1
20,2
20,0
19,1
18,2
18,0
17,1
16,8
16,5
16,3
16,0
15,11
15,9
15,6
15,3
15,0
14,2
13,3
13,0
12,5
12,2
11,4
11,1
10,3
10,0
9,1
8,3
8,0
7,2
7,0
6,7
6,4
6,1
5,4
5,1
4,2
4,0
3,4
3,1
2,67
2,64
2,33
2,30
2,28
2,25
2,22
2,19
2,16
2,12
2,9
2,7
2,4
0,504
0,273
0,347
0,272
0,491
0,271
0,346
0,270
0,500
0,269
0,381
0,268
0,380
0,267
0,355
0,266
0,374
0,265
0,330
0,264
0,373
0,263
0,390
0,262
0,379
0,261
0,401
0,260
0,353
0,259
0,436
0,258
0,335
0,257
0,392
0,256
0,398
0,255
0,434
0,254
0,389
0,253
0,306
0,252
0,391
0,251
0,351
0,250
0,416
0,249
0,370
0,248
0,486
0,247
0,446
0,246
0,510
0,245
0,397
0,244
0,349
0,242
0,432
0,241
0,354
0,240
0,376
0,239
0,341
0,238
0,396
0,237
0,506
0,236
0,372
0,235
0,350
0,234
0,326
0,233
0,422
0,232
0,430
0,231
0,387
0,230
0,325
0,229
0,428
0,228
0,364
0,227
0,332
0,226
0,348
0,225
0,412
0,224
0,360
0,223
0,378
0,222
0,361
0,221
0,365
0,220
0,323
0,219
0,345
0,218
0,359
0,217
0,411
0,216
0,352
0,215
0,489
0,214
0,363
0,213
0,496
0,212
0,334
0,211
0,505
0,210
0,509
0,209
0,511
0,208
0,339
0,207
0,443
0,206
0,442
0,205
0,368
0,204
0,358
0,203
0,320
0,202
0,338
0,201
0,447
0,200
0,337
0,199
0,327
0,198
0,377
0,197
0,421
0,196
0,344
0,195
0,309
0,194
0,420
0,193
0,329
0,192
0,385
0,63
0,461
0,62
0,328
0,61
0,480
0,60
0,324
0,59
0,469
0,58
0,409
0,57
0,395
0,56
0,301
0,55
0,333
0,54
0,336
0,53
0,499
0,52
0,369
0,51
0,460
0,50
0,367
0,49
0,441
0,48
0,47
0,493
0,46
0,383
0,45
0,407
0,6
0,5
0,1
0,453
0,11
0,4
0,2
0,3
0,7
